image_width: 640
image_height: 480
camera_name: narrow_stereo
camera_matrix:
  rows: 3
  cols: 3
  data: [435.19832,   0.     , 332.47662,
           0.     , 436.58115, 240.33746,
           0.     ,   0.     ,   1.     ]
distortion_model: plumb_bob
distortion_coefficients:
  rows: 1
  cols: 5
  data: [-0.377994, 0.119752, -0.000208, 0.000446, 0.000000]
rectification_matrix:
  rows: 3
  cols: 3
  data: [1., 0., 0.,
         0., 1., 0.,
         0., 0., 1.]
projection_matrix:
  rows: 3
  cols: 4
  data: [324.64059,   0.     , 340.30604,   0.     ,
           0.     , 377.81403, 239.80766,   0.     ,
           0.     ,   0.     ,   1.     ,   0.     ]