image_width: 1600
image_height: 1200
camera_name: narrow_stereo
camera_matrix:
  rows: 3
  cols: 3
  data: [841.98737,   0.     , 833.87942,
           0.     , 841.92983, 585.94003,
           0.     ,   0.     ,   1.     ]
distortion_model: plumb_bob
distortion_coefficients:
  rows: 1
  cols: 5
  data: [-0.284742, 0.064764, 0.001286, -0.000842, 0.000000]
rectification_matrix:
  rows: 3
  cols: 3
  data: [1., 0., 0.,
         0., 1., 0.,
         0., 0., 1.]
projection_matrix:
  rows: 3
  cols: 4
  data: [601.30688,   0.     , 823.72169,   0.     ,
           0.     , 692.23492, 581.91233,   0.     ,
           0.     ,   0.     ,   1.     ,   0.     ]
