image_width: 1600
image_height: 1200
camera_name: narrow_stereo
camera_matrix:
  rows: 3
  cols: 3
  data: [850.27428,   0.     , 786.71833,
           0.     , 852.40345, 617.3204 ,
           0.     ,   0.     ,   1.     ]
distortion_model: plumb_bob
distortion_coefficients:
  rows: 1
  cols: 5
  data: [-0.272877, 0.055561, 0.000084, 0.001347, 0.000000]
rectification_matrix:
  rows: 3
  cols: 3
  data: [1., 0., 0.,
         0., 1., 0.,
         0., 0., 1.]
projection_matrix:
  rows: 3
  cols: 4
  data: [584.64899,   0.     , 792.37642,   0.     ,
           0.     , 709.76849, 625.4522 ,   0.     ,
           0.     ,   0.     ,   1.     ,   0.     ]
