image_width: 1600
image_height: 1200
camera_name: camera3
camera_matrix:
  rows: 3
  cols: 3
  data: [838.50009,   0.     , 852.6232 ,
           0.     , 842.91611, 566.76863,
           0.     ,   0.     ,   1.     ]
distortion_model: plumb_bob
distortion_coefficients:
  rows: 1
  cols: 5
  data: [-0.269119, 0.056928, -0.002732, -0.000106, 0.000000]
rectification_matrix:
  rows: 3
  cols: 3
  data: [1., 0., 0.,
         0., 1., 0.,
         0., 0., 1.]
projection_matrix:
  rows: 3
  cols: 4
  data: [601.69568,   0.     , 857.30879,   0.     ,
           0.     , 697.13251, 543.08379,   0.     ,
           0.     ,   0.     ,   1.     ,   0.     ]
