image_width: 1600
image_height: 1200
camera_name: camera_3
camera_matrix:
  rows: 3
  cols: 3
  data: [856.11901,   0.     , 819.03416,
           0.     , 858.94066, 594.2744 ,
           0.     ,   0.     ,   1.     ]
distortion_model: plumb_bob
distortion_coefficients:
  rows: 1
  cols: 5
  data: [-0.254487, 0.045270, -0.002557, 0.001073, 0.000000]
rectification_matrix:
  rows: 3
  cols: 3
  data: [1., 0., 0.,
         0., 1., 0.,
         0., 0., 1.]
projection_matrix:
  rows: 3
  cols: 4
  data: [588.00427,   0.     , 844.18676,   0.     ,
           0.     , 727.42609, 584.85913,   0.     ,
           0.     ,   0.     ,   1.     ,   0.     ]
